x,y,Porosity,Porosity-Eff,NTG,Sw_base,Sg_Base,dSg,dSw
0.9999999999999996 0.45138576159680766 0.4804901765454531 0.4433938043922553 0.3709294220646774 -0.5214026378622774 0.05016736550424082 -0.1990770942468184 -0.1181019413137526 
0.45138576159680766 0.9999999999999997 0.30620542653369076 0.29380752470083105 0.2994451526262351 0.11165300173150708 0.016221362066851222 -0.06148384542417404 -0.006455018858860989 
0.4804901765454531 0.30620542653369076 1.0 0.9830225635211772 0.9331868660904651 -0.42460505728069187 0.06290780200015433 -0.2432075072347116 -0.1326353337373119 
0.4433938043922553 0.29380752470083105 0.9830225635211772 0.9999999999999999 0.9652867607463391 -0.4283833999767484 0.06289559645249929 -0.22836407567238143 -0.1397014658461663 
0.3709294220646774 0.2994451526262351 0.9331868660904651 0.9652867607463391 1.0 -0.3618206604298059 0.050896542452807024 -0.17864972178836114 -0.1225133509648881 
-0.5214026378622774 0.11165300173150708 -0.42460505728069187 -0.4283833999767484 -0.3618206604298059 1.0 -0.07188007974698307 0.2570025036229696 0.16737103553836655 
0.05016736550424082 0.016221362066851222 0.06290780200015433 0.06289559645249929 0.050896542452807024 -0.07188007974698307 0.9999999999999982 -0.3999729098152454 0.012477255398287488 
-0.1990770942468184 -0.06148384542417404 -0.2432075072347116 -0.22836407567238143 -0.17864972178836114 0.2570025036229696 -0.3999729098152454 0.9999999999999979 -0.01232344807615848 
-0.1181019413137526 -0.006455018858860989 -0.1326353337373119 -0.1397014658461663 -0.1225133509648881 0.16737103553836655 0.012477255398287488 -0.01232344807615848 0.9999999999999991 
